data/asc/gausshills_1.asc
ncols 400
nrows 400
xllcorner 0.000000
yllcorner 0.000000
cellsize 30.000000
NODATA_value -9999.000000
[rows 247 to 265 of 400, columns 172 to 214 of 400]
741.85109150864082 713.94685856147657 686.19355582810817 658.60185531049581 631.18229031904116 603.9452521301987 576.9009817685286 550.05955696769684 523.43087442022193 497.02462747979871 470.85027953225858 444.91703330116206 419.23379640116241 393.80914349618627 368.65127545974519 343.76797597090217 319.16656601129404 294.85385675579698 270.8361013717336 247.1189462587358 223.70738227335335 200.60569648918408 177.81742504462156 155.34530762632437 133.19124412727976 111.35625400396481 89.84043883781905 68.642948582214217 47.761951947644235 27.194611345243828 6.9370627723435803 -13.015599016052647 -32.669329748801374 -52.031139037500509 -71.109087724568184 -89.912279021546965 -108.45084332901882 -126.73591668057105 -144.77961280454559 -162.59498884833613 -180.19600486033602 -197.59747717382538 -214.81502588468786
757.00262644216446 729.71742965921226 702.55492654469458 675.52531849881927 648.63872179244765 621.90516393473195 595.33457504108583 568.93677426376985 542.72145140290706 516.69814386992607 490.87620922770481 465.2647935815998 439.87279614256056 414.70883032725555 389.7811818001075 365.09776389803449 340.66607091014589 316.49312971139187 292.58545027097466 268.94897557301317 245.58903149838 222.51027722274074 199.71665668656632 177.21135168834078 154.99673714237539 133.07433902775531 111.44479553513787 90.107821893631666 69.062179331102101 48.30564858826051 27.83500837018488 7.6460190788416753 -12.26658787282966 -31.90911491023715 -51.288897102396703 -70.414294764847824 -89.294679752213483 -107.94041538333033 -126.362829992965 -144.5741841549285 -162.58763167144829 -180.41717447250574 -198.07761161608522
772.62040082535032 745.94739854910563 719.36783362778556 692.89147070802528 666.52804657233116 640.28726607192789 614.17879291737586 588.21223539787218 562.39712715602741 536.74290319936085 511.25887138220145 485.95417964165296 460.83777931828411 435.91838493580372 411.2044308537578 386.70402524290716 362.42490186403279 338.37437015726118 314.55926417032776 290.98589087036225 267.6599783946495 244.58662480133299 221.77024788118115 199.21453658634815 176.92240462166086 154.89594672846013 133.13639817063864 111.64409790747661 90.418455908467536 69.457925031868314 48.759977851565992 28.321088776406242 8.1367217628006188 -11.798676124344723 -31.491675095108889 -50.949856804464247 -70.181802200989154 -89.197072997683733 -108.00618675923337 -126.62058565074008 -145.05259894282355 -163.31539941663848 -181.42295385933312
788.73156654548404 762.66334556031302 736.65829333371903 710.72577164174527 684.87517535692041 659.11592780290903 633.45747080587216 607.90924952289527 582.48069218422779 557.18118494089435 532.02004206197239 507.00647177596238 482.14953809775579 457.45811902626309 432.94086153742541 408.60613383271732 384.46197533404836 360.51604494192259 336.77556809459253 313.24728318159816 289.9373878753828 266.85148594959389 243.99453515218144 221.37079669557303 198.98378691512576 176.8362316308862 154.93002372664378 133.26618443457539 111.84482878375698 90.665135636773087 69.725322700979603 49.022626860024758 28.553290127477169 8.3125514782371965 -11.705355234672254 -31.507197119906266 -51.100731736705114 -70.49469017648758 -89.69875373183072 -108.7235241982269 -127.58048790385556 -146.28197361115662 -164.84110448083919
805.36233434043595 779.8909459593151 754.4514547101594 729.05285333603786 703.70423231766608 678.41477450818775 653.19374428505648 628.05047130966773 602.99432904237631 578.03470821586473 553.18098552293873 528.44248782524198 503.82845223661337 479.34798247842502 455.01000194384056 430.82320394315457 406.79599963292196 382.93646415718695 359.25228154956767 335.75068896010885 312.43842078053751 289.32165324586339 266.40595008908986 243.69620981927727 221.19661518139193 198.91058533947012 176.84073130284114 154.98881508873637 133.35571308387244 111.94138403286659 90.744842043007424 69.764134953349412 48.996328371766822 28.437495636927849 8.082713913604465 -12.073933420223227 -32.039347986888515 -51.821401166944668 -71.42891239654071 -90.871621050188736 -110.1601520047798 -129.30597502928359 -148.32135819139495
822.53770761115697 797.65470346204529 772.77133291161908 747.89625338458711 723.03828834273168 698.20642106014873 673.40978271745848 648.65763491673738 623.95934677665753 599.324366823265 574.76218994543046 550.28231973481945 525.89422657768887 501.60730190959612 477.43080908369006 453.37383133840592 429.44521738070284 405.65352512628249 382.00696415826644 358.51333748046289 335.17998315051818 312.0137163818996 289.02077270179694 266.20675274475303 243.57656924925058 221.13439680677462 198.88362489026906 176.82681466166733 154.96566002662789 133.30095336908599 111.83255635912209 90.559376185367825 69.479347518143044 48.589420462202867 27.885554708839067 7.362720046595058 -12.985096661494282 -33.16487797797177 -53.184555863828422 -73.052985170791345 -92.77991074978425 -112.37592832104659 -131.85243929832205
840.28121801803889 815.97768548626004 791.64054421231504 767.27814981908091 742.89909589425201 718.51220676865955 694.1265243969558 669.75128945433789 645.3959168215755 621.06996568729721 596.78310455070698 572.54507145918228 548.36562986303943 524.25452051371315 500.22140987130706 476.27583552255129 452.42714914038254 428.68445754137349 405.05656241689792 381.55189932808372 358.17847656319714 334.94381445909352 311.85488578578577 288.91805778511974 266.13903644112418 243.52281354103496 221.07361706248838 198.7948653942417 176.68912586532031 154.75807802106652 133.00248204458643 111.42215267894707 90.015938959644444 68.781710018773765 47.716347172480823 26.815742452124084 6.074803687632226 -14.512533800745473 -34.953288898226958 -55.255409826279646 -75.427742806333072 -95.479994403356301 -115.42268774336759
858.61466440496724 834.88126169339739 811.08004427021888 787.21909920238295 763.30682703989442 739.35193346239021 715.36341479310568 691.35053750662416 667.32281191638072 643.28996028544111 619.26187965901863 595.24859976905395 571.26023640945527 547.30694072486881 523.39884489570431 499.54600473725441 475.7583397608077 452.045571269422 428.41715908033513 404.88223747966401 381.44955102307097 358.12739079838349 334.92353176281893 311.84517175857559 288.89887279624213 266.09050517597359 243.42519499190928 220.9072755361795 198.5402430853805 176.32671751497921 154.26840814612643 132.36608518525873 110.61955707008764 89.027653986595993 67.588217770955396 46.298098358342969 25.153156887943339 4.1482755204809507 -16.722626028115144 -37.466567285357542 -58.091477252551243 -78.606158215620098 -99.020243332642963
877.55785660865286 854.38484738226521 831.10887120850202 807.73777950367855 784.27981622997027 760.74360827826047 737.13814946516879 713.4727782841569 689.75714961130871 666.00120062489668 642.21511125363463 618.40925952104897 594.59417220222986 570.78047125385569 546.9788165184915 523.19984523934363 499.45410895165708 475.75200834150326 452.10372668167224 428.51916246760175 405.00786188370989 381.57895173212569 358.24107345168693 335.00231884531712 311.87016811864419 288.85143081221997 265.95219018417981 243.17775156997999 220.5325952112764 198.02033400749417 175.64367660154545 153.40439616597337 131.30330520795602 109.34023666160763 87.514031484324391 65.822532921067562 44.262587546917615 22.830053144490506 1.5198134193394992 -19.674200496242719 -40.758981852132877 -61.74241355299884 -82.633227093523288
897.12836571692458 874.50565330231643 851.74389508528554 828.85073932870023 805.8343093944452 782.70319273363759 759.46642321976674 736.13345697893533 712.71414193331293 689.2186813335253 665.6575916124292 642.04165494605434 618.38186695693184 594.68938004015035 570.97544283286607 547.25133638333841 523.52830760553559 499.81750062975448 476.12988667834713 452.47619310840935 428.86683227013646 405.31183083047267 381.82076020674594 358.40266874430779 335.06601625596238 311.8186115193933 288.66755330216859 265.61917545252788 242.67899655840245 219.85167463738395 197.14096727706871 174.5496975988132 152.07972636892021 129.73193053012722 107.50618837347949 85.401371516755319 63.415343801064353 41.54496716256844 19.786114481943827 -1.8663106392765769 -23.418347278579603 -44.876943922171819 -66.249918726541296
917.34128233778256 895.25844345172152 872.99957531931284 850.57215507407386 827.98422092931912 805.24435965018392 782.36168707949776 759.34582188672618 736.20685277247719 712.95529942190535 689.60206755811657 666.15839850090231 642.6358136862865 619.04605464803501 595.40101900304421 571.7126930180616 547.99308136520483 524.25413469800526 500.50767569806192 476.76532425470475 453.03842244633273 429.33795999229108 405.6745008383765 382.05811152743888 358.49829198926739 335.00390936124711 311.58313542345297 288.24338819922355 264.9912782352207 241.83256003394263 218.77208906704325 195.81378475011553 172.96059970927323 150.21449561745794 127.57642582437029 105.04632494883938 82.623105546768187 60.304661912069889 38.087881012702468 15.96866050951553 -6.0580662474253302 -27.998298401620332 -49.858929157685282
938.20898443077715 916.6553024145378 894.88772762756753 872.91359756249176 850.7409001287208 828.37825948430532 805.83491461503422 783.12069084575842 760.24596453369293 737.22162125560692 714.05900785973517 690.76987880847014 667.36633728884863 643.86077161414471 620.2657874810925 596.59413668305478 572.85864290954862 549.072125286703 525.24732033130363 501.39680300296936 477.53290754467355 453.66764880129062 429.81264469920552 405.97904055741367 382.1774358821624 358.41781427330159 334.70947704141776 311.06098110088448 287.48008166554524 263.97368023130031 240.54777828383877 217.20743712062517 193.95674412452792 170.79878577266365 147.73562760866767 124.76830135019924 101.89679924657509 79.12007574452312 56.436056463628233 33.841654427638872 11.332793443803638 -11.095561529679713 -33.449367237859121
959.74091623336869 938.70541377173492 917.4173020106266 895.88380969446871 874.11290859737983 852.11329759670821 829.89437916998975 807.46622851679456 784.83955557330239 762.0256602510359 739.03638129138437 715.88403918384506 692.58137364777622 669.14147622445387 645.57771856794818 621.90367705945357 598.13305439991655 574.27959885991356 550.35702188356038 526.37891475469883 502.35866503868317 478.30937351181109 454.24377228289995 430.17414479788039 406.1122483987524 382.06924008312205 358.05560608010882 334.08109582306156 310.15466085964681 286.28439919592449 262.47750552346827 238.74022772792696 215.07783002416767 191.49456300782799 167.99364085626431 144.57722585405818 121.24642035995618 98.001266273922198 74.840752005331751 51.762826886792908 28.764422923037131 5.8414837112655107 -17.010999681349432
981.94337978705812 961.41485109234281 940.5941732924058 919.48849662264558 898.10581014765808 876.45492396236841 854.545443475914 832.3877359969332 809.99288990699245 787.37266677402806 764.53944681925645 741.50616820847074 718.2862606915071 694.8935741614398 671.34230274737024 647.64690509117122 623.82202148892452 599.88238860187039 575.84275245929405 551.71778048681995 527.52197329807063 503.26957698560568 478.97449663859339 454.65021179997564 430.3096945551668 405.96533091789695 381.62884614697384 357.31123459090588 333.02269461590532 308.7725691272409 284.56929214473473 260.42034184088732 236.33220039522823 212.31032096155127 188.35910198626559 164.48186905672111 140.68086439859869 116.95724408183199 93.311082935542714 69.74138711466918 46.246114204763103 22.822200697309825 -0.5344033837192228
1004.8193405309639 984.78638297330053 964.4209456826826 943.73012991571113 922.72197464579472 901.40543678207041 879.79036311398386 857.88745421803594 835.70822063310982 813.26493167759804 790.57055734458686 767.63870377010994 744.48354282340983 721.11973641678321 697.56235617555012 673.82679914559537 649.92870024654439 625.8838422027045 601.70806370131641 577.41716653829076 553.02682251551482 528.55248085097469 504.00927685355083 479.41194259854007 454.77472031800994 430.11127919228829 405.43463619559151 380.75708161040268 356.09010978214855 331.4443556384997 306.82953744670579 282.25440622833423 257.72670219414334 233.25311850314961 208.83927258981947 184.4896852422807 160.2077675530802 135.99581580284956 111.85501427680947 87.785445954865025 63.786110958574227 39.854952582985078 15.98889068862897
1028.3682483840007 1008.8192935495276 988.89677278315116 968.60776713084078 947.96039722330318 926.96380140738734 905.62810523010785 883.96438253027941 861.98460846462194 839.7016048637538 817.12897837810283 794.28105193388592 771.17279007439265 747.81971881137679 724.23784065503719 700.44354552846823 676.45351830332788 652.28464371758173 627.95390945341126 603.47830816361443 578.87473923813764 554.1599110987529 529.35024479953813 504.46177969388214 479.51008190549999 454.51015631173118 429.47636271255465 404.42233681872841 379.36091664768907 354.30407486684652 329.26285757117267 304.24732992610342 279.26652904827813 254.32842443613458 229.43988620042734 204.60666128193571 179.83335778053927 155.12343745702788 130.4792164070148 105.90187384567048 81.391468883146871 56.946965114008577 32.566262790123631
1052.585875680669 1033.5092198390892 1014.0171944006539 994.11688815595062 973.81653421136934 953.1254859324165 932.05418385115286 910.61411381187361 888.81775670304819 866.67853019396807 844.21072296083048 821.42942194855846 798.35043327098253 774.99019740258927 751.36569935948478 727.49437460516924 703.39401144788678 679.0826507204913 654.578483550844 629.89974804061399 605.06462567306482 580.09113826598957 554.99704627461028 529.79974923114855 504.51618908322473 479.16275716254381 453.75520547890346 428.30856299282323 402.83705747353315 377.35404349819504 351.87193709358758 326.40215746366471 300.95507618594689 275.53997419725738 250.16500682544211 224.83717705903035 199.56231718187678 174.34507883526322 149.18893150626519 124.09616937895652 99.067926424701852 74.104199549869037 49.203879564181193
1077.4641732596263 1058.848007222065 1039.7739914645363 1020.2492496159533 1000.2821570886063 979.88231473771907 959.06051308177439 937.82868737741433 916.19986391880457 894.18809800372219 871.80840407667881 849.07667862250878 826.00961644147878 802.62462098864853 778.93970950548191 754.97341371025095 730.74467684528872 706.27274790342335 681.57707387286246 656.67719084928012 631.59261486597677 606.34273328774623 580.94669760172644 555.42331841921384 529.7909634764867 504.06745939047687 478.26999788704489 452.41504717610366 426.51826909941207 400.59444262405009 374.65739419794687 348.71993542397621 322.79380844663888 296.88963938085413 271.01690004648458 245.1838782055556 219.39765643228066 193.66409967958259 167.9878515403521 142.37233913777192 116.81978651713891 91.331236352236772 65.906579722865843
1102.9911459286379 1084.8235842757808 1066.155060268756 1046.9927585605751 1027.3452256555756 1007.2223411946918 986.63527938386312 965.59646087966416 944.1194955245453 922.21911639852738 899.9111057240824 877.21221322568465 854.14006760452764 830.71308184172449 806.95035308947695 782.87155794887985 758.49684396492478 733.84671819368805 708.94193371348217 683.80337496090624 658.45194277421047 632.90844002037397 607.19345866887772 581.32726915464082 555.32971284524842 529.22009839381906 503.01710271906126 476.73867730873235 450.40196049233805 424.02319627408338 397.61766025837261 371.1995931381598 344.7821421518276 318.37731084762373 291.99591742667167 265.64756186681348 239.34060196067213 213.08213833293567 186.87800843453806 160.73278944573073 134.64980995646482 108.6311702315848 82.677770810459322
