data/asc/gausshills_1.asc
ncols 400
nrows 400
xllcorner 0.000000
yllcorner 0.000000
cellsize 30.000000
NODATA_value -9999.000000
[rows 114 to 132 of 400, columns 258 to 300 of 400]
2691.1393772095721 2683.9111912219846 2678.1667640219903 2673.9533586789407 2671.3145711240727 2670.2900269419638 2670.9150806098055 2673.2205190133982 2677.2322711475103 2682.9711259763253 2690.4524604861276 2699.685980005785 2710.675472899964 2723.4185817542184 2737.9065931691734 2754.1242482622015 2772.0495759383994 2791.6537509378522 2812.9009785926278 2835.7484081343796 2860.1460762818406 2886.0368827068755 2913.3565988285195 2942.0339112169249 2971.990500704238 3003.1411580979188 3035.3939371750434 3068.650345405094 3102.8055726050206 3137.7487574758297 3173.3632917063269 3209.5271610591303 3246.1133225787153 3282.9901167835069 3320.0217134262098 3357.0685891312601 3393.9880349479804 3430.6346915953932 3466.8611099221989 3502.5183338658308 3537.4565029701557 3571.5254713148424 3604.5754395228555
2673.7853975302032 2667.1177184323383 2661.9369748194626 2658.2903113567645 2656.2212052593923 2655.7691615283184 2656.9694106111115 2659.852610328192 2664.444553984119 2670.7658866518245 2678.831831674222 2688.6519294711666 2700.2297907690754 2713.5628663846392 2728.6422356920052 2745.4524158836966 2763.9711940986326 2784.169484435376 2806.0112117946419 2829.4532244020033 2854.4452367493932 2880.9298045626847 2908.8423332524821 2938.1111211369052 2968.6574385392091 3000.3956436605158 3033.233335909892 3067.0715471417243 3101.8049710054793 3137.322230357081 3173.5061824162685 3210.2342610824539 3247.378855544915 3284.8077240441107 3322.384441361743 3359.9688783406136 3397.4177114637414 3434.5849602583576 3471.3225500368176 3507.4808972457181 3542.9095144692087 3577.4576319249254 3610.9748321036654
2655.2507681792536 2649.1270913044805 2644.4918818771607 2641.3921375730847 2639.8711922362631 2639.9684098051257 2641.71888063801 2645.1531220886891 2650.2967852618035 2657.1703699465947 2665.7889497839419 2676.1619097652447 2688.2926981909986 2702.1785952309151 2717.8105002251937 2735.1727398471949 2754.2428992105606 2774.9916779481605 2797.3827732157501 2821.3727914795559 2846.911190834116 2873.9402554647149 2902.3951037179008 2932.2037310744508 2963.2870891323851 2995.5592015042039 3028.9273173135248 3063.2921027431248 3098.5478708404544 3134.5828495298783 3171.2794875149775 3208.5147974813035 3246.1607357323169 3284.084617111057 3322.1495637799353 3360.2149861534117 3398.1370940057477 3435.7694355112308 3472.9634617197235 3509.5691137288413 3545.4354295878948 3580.4111677605138 3614.3454437848141
2635.5412118043123 2629.9445747382583 2625.8362696090539 2623.2631184852148 2622.2682872071723 2622.8909782510491 2625.1661259634207 2629.1240960263599 2634.7903910914074 2642.1853645896335 2651.3239447816127 2662.2153711545884 2674.86294530336 2689.2637984452531 2705.4086777171015 2723.281753382551 2742.860449040511 2764.1152968695314 2787.0098198680157 2811.5004429560386 2837.5364346911783 2865.0598812182143 2894.0056939211449 2924.3016520762189 2955.8684816172404 2988.619970920327 3022.4631242955775 3057.2983536391475 3093.0197084526144 3129.5151441788603 3166.6668285370097 3204.3514852652406 3242.4407744018185 3280.8017079537431 3319.2970995214591 3357.7860461697005 3396.1244405612424 3434.1655111048208 3471.7603876132848 3508.7586897258639 3545.0091351216925 3580.3601643429743 3614.6605788576639
2614.6642492388064 2609.5773184831592 2605.9768982903392 2603.9096065426265 2603.4184165289598 2604.542348994114 2607.3161665277139 2611.7700721595124 2617.9294141066703 2625.8143986873042 2635.4398134711614 2646.8147627816329 2659.9424176924217 2674.8197826758433 2691.4374810570675 2709.7795614087813 2729.8233269829148 2751.5391902197866 2774.8905542997477 2799.8337236079142 2826.317844868805 2854.2848805747376 2883.6696161799673 2914.3997023623037 2946.3957334661095 2979.5713630358764 3013.8334571294467 3049.0822858654137 3085.2117534120894 3122.1096663672788 3159.6580402108189 3197.7334432376656 3236.207377100241 3274.9466928073389 3313.8140407454321 3352.6683530093392 3391.3653560554753 3429.7581114249369 3467.6975820280686 3505.0332212395956 3541.6135818263078 3577.2869415201808 3611.9019418611056
2592.6292083600815 2588.0343666863164 2584.9225143819599 2583.3400366752544 2583.3296899027182 2584.9302929912242 2588.1764212459402 2593.0981043161564 2599.720530290223 2608.0637579392978 2618.1424391859964 2629.9655539172877 2643.5361592898525 2658.8511556895805 2675.901071503999 2694.6698688462984 2715.1347723315694 2737.2661229492433 2761.027259000195 2786.3744259721598 2813.256717113029 2841.6160463283186 2871.387154876913 2902.4976531686293 2934.8680987789776 2968.4121115915073 3003.0365267576412 3038.6415859291224 3075.1211669707036 3112.3630521022983 3150.2492341522657 3188.6562603290272 3227.455612638928 3266.5141237965627 3305.6944271921393 3344.8554392013343 3383.8528718491611 3422.5397735732558 3460.7670955761714 3498.3842810135875 3535.2398740381232 3571.1821455092286 3606.0597319907965
2569.4472264226615 2565.326660374039 2562.6838532274014 2561.5649292729381 2562.0124037034439 2564.0648737756615 2567.7567122406508 2573.1177649192873 2580.1730543780004 2588.9424917281799 2599.4405986288475 2611.6762416152178 2625.6523809044047 2641.365835842761 2658.8070691561616 2677.9599921442132 2698.8017929210041 2721.3027897481979 2745.4263114304617 2771.1286066481834 2798.3587839881566 2827.0587842993882 2857.163386848863 2888.6002505813321 2921.2899915988901 2955.1462977709957 2990.0760811649952 3025.9796687523344 3062.7510315981176 3100.2780524831815 3138.4428316403009 3177.1220300116879 3216.1872491556292 3255.505446648498 3294.939385546732 3334.3481161943528 3373.5874883877182 3412.5106916431619 3450.968821057475 3488.8114660085798 3525.8873187166205 3562.0447994766014 3597.1326951849665
2545.131245827567 2541.4670328230541 2539.2736340729898 2538.5968849019728 2539.4790354399533 2541.9584417072533 2546.0692589288856 2551.8411389568219 2559.298933757666 2568.4624069911765 2579.3459557610022 2591.9583446617321 2606.3024542747003 2622.3750462779153 2640.1665473320895 2659.6608538840787 2680.83515999052 2703.6598102073522 2728.0981795149528 2754.1065821534121 2781.6342111280524 2810.6231100117084 2841.0081785178754 2872.7172131480911 2905.670984028583 2939.7833488462115 2974.9614045732001 3011.1056774354411 3048.1103513317703 3085.8635346533379 3124.2475651849004 3163.1393524956093 3202.4107569479024 3241.9290041717713 3281.5571335703471 3321.1544791440861 3360.5771806472872 3399.67872282497 3438.3105002228122 3476.3224048205416 3513.5634335124228 3549.8823122496487 3585.1281334710252
2519.6960033312089 2516.4701978242629 2514.7065474136566 2514.4505707597336 2515.7442293448603 2518.62561872376 2523.1286619604857 2529.2828071317695 2537.1127308549458 2546.6380498662761 2557.873042731062 2570.8263838093426 2585.5008916289412 2601.8932938302678 2619.9940108435712 2639.7869604384414 2661.2493852465673 2684.351705301523 2709.0573975632169 2735.3229042993739 2763.0975720819379 2792.323623022749 2822.9361597204597 2854.8632052201069 2888.025779098542 2922.3380105842334 2957.7072893996569 2994.0344547801642 3031.2140228762282 3069.1344524881297 3107.6784488153376 3146.7233046291121 3186.1412779984448 3225.8000054186778 3265.5629489114326 3305.2898753864069 3344.8373662826612 3384.0593552419209 3422.8076913116911 3460.9327249342409 3498.2839137513133 3534.7104450461284 3570.0618714562629
2493.158012739525 2490.3527308879875 2488.9992347164225 2489.1426989229399 2490.8247731535057 2494.0832736556499 2498.9518770732061 2505.4598182614445 2513.6315940799882 2523.4866751880918 2535.039227922 2548.2978483760753 2563.2653108369968 2579.9383327326004 2598.3073582529159 2618.3563627797776 2640.0626802224137 2663.3968552990041 2688.322522727969 2714.7963151974918 2742.7678018673355 2772.17945902358 2802.9666743547773 2835.057786147675 2868.3741585128769 2902.8302935464762 2938.3339811139463 2974.7864867087915 3012.0827775920889 3050.1117871619276 3088.7567172356594 3127.895377654937 3167.4005623459175 3207.1404606870879 3246.9791027573183 3286.776836759555 3326.390836643493 3365.6756376863591 3404.4836975370163 3442.6659799877243 3480.0725585124096 3516.5532364027763 3551.9581801462487
2465.5355411742908 2463.1330434849824 2462.1702606233862 2462.6919964989529 2464.73956618896 2468.3504882292955 2473.5581789976827 2480.3916510669383 2488.8752174832848 2499.0282039914846 2510.8646712831269 2524.3931493859404 2539.6163863391703 2556.5311133119267 2575.1278283170664 2595.3906006517404 2617.2968981565382 2640.8174393276354 2665.9160722400979 2692.5496821452653 2720.6681294908321 2750.2142199790624 2781.1237081267495 2813.3253356206269 2846.7409055746466 2881.2853935918438 2916.8670963144164 2953.3878179126709 2990.7430947179578 3028.8224579485081 3067.509734211988 3106.6833831966933 3146.2168716867604 3185.9790827579936 3225.8347587321759 3265.6449761916565 3305.2676510851225 3344.5580716923187 3383.3694569626959 3421.5535375031072 3458.961156265214 3495.4428857766411 3530.8496585734615
2436.8485790385962 2434.8313504615658 2434.2400777841581 2435.119167841925 2437.5095789270936 2441.4485139449957 2446.9691156113772 2454.1001655649711 2462.8657893465756 2473.2851692619379 2485.3722671998162 2499.1355595175396 2514.577786133073 2531.6957159740746 2550.4799309296845 2570.9146304291062 2592.9774587316451 2616.6393569552515 2641.8644417943783 2668.6099127828143 2696.8259898431293 2726.4558827314709 2757.4357938350945 2789.6949556106852 2823.1557037648777 2857.7335870755096 2893.337514533895 2929.8699402564571 2967.2270863695649 3005.2992038164043 3043.970870770811 3083.121328072406 3122.6248508221815 3162.3511550002513 3202.1658376901455 3241.9308492194073 3281.5049952566828 3320.7444666437909 3359.5033944897582 3397.6344278152828 3434.9893308127712 3471.419596581693 3506.7770740134738
2407.1188038468276 2405.4696308095158 2405.2309845141144 2406.4468490462814 2409.1578042706724 2413.4007200757123 2419.2084526046992 2426.6095443430709 2435.6279300078108 2446.2826502503381 2458.587575237661 2472.5511402169109 2488.1760951945303 2505.4592708723976 2524.3913629780659 2544.9567371043195 2567.1332561336626 2590.8921322657116 2616.1978055892373 2643.0078510456624 2671.2729155170805 2700.9366866394171 2731.9358947905635 2764.2003495346844 2797.6530116181002 2832.2101014101868 2867.7812444656352 2904.2696546535703 2941.5723550558982 2979.5804365835793 3018.1793539971072 3057.2492587484339 3096.6653677879458 3136.2983672043265 3176.01484928946 3215.6777813475378 3255.1470042996398 3294.2797588749813 3332.9312369300715 3370.9551552000021 3408.2043485642735 3444.5313797053664 3479.7891618540789
2376.3695381208813 2375.071582011652 2375.167075519053 2376.6995549783187 2379.7092008140185 2384.2325330892945 2390.3021089839062 2397.946224065015 2407.1886192900438 2418.0481957454945 2430.5387391783729 2444.6686564164847 2460.4407257995085 2477.8518637532084 2496.8929096336633 2517.5484309461294 2539.7965510034019 2563.6088010308363 2588.9499986490769 2615.778154570854 2644.044409234828 2673.6930009675616 2704.6612671146222 2736.8796794139826 2770.2719147001044 2804.7549618262374 2840.2392654766509 2876.6289073110192 2913.8218246416081 2951.7100665918065 2990.1800874238716 3029.1130764564373 3068.3853237206154 3107.8686202295753 3147.4306914627241 3186.9356623945532 3226.2445521322034 3265.215795967581 3303.7057924017417 3341.5694724639466 3378.6608884276134 3414.8338188227367 3449.942386461536
2344.6257015883839 2343.6625682217805 2344.0741859684927 2345.9036191523305 2349.1906284294441 2353.9713678509152 2360.2780837936243 2368.1388176162068 2377.5771139713811 2388.6117367696852 2401.2563948415723 2415.519479383785 2431.4038153008605 2448.90642856259 2468.0183316923308 2488.7243294785162 2511.0028469617951 2534.8257816925097 2560.1583821772692 2586.9591543389379 2615.1797977015085 2644.7651728800088 2675.6533018063406 2707.7754019550662 2741.0559556495314 2775.4128153291272 2810.7573454441222 2846.9946014166053 2884.0235458661891 2921.7373020488753 2960.0234441987086 2998.7643241965811 3037.8374337208861 3077.1158007628824 3116.4684191180954 3155.7607091960881 3194.8550082271408 3233.6110876882085 3271.8866955244757 3309.5381205094568 3346.4207758682396 3382.3897990875553 3417.3006646550939
2311.913757950098 2311.2695625726847 2311.9798292385149 2314.0871268001451 2317.6307765531014 2322.6465510128251 2329.1663744963844 2337.2180273574268 2346.824855796302 2358.005489230155 2370.7735672588069 2385.1374783004549 2401.1001119954599 2418.6586274858896 2437.8042396721326 2458.5220255250119 2480.7907524917828 2504.5827309766837 2529.8636928009159 2556.5926974528843 2584.7220678271669 2614.1973570201576 2644.9573476018895 2676.9340846178757 2710.0529433923407 2744.2327330061466 2779.3858361099547 2815.4183855070137 2852.2304777020308 2889.7164233643284 2927.7650343969162 2966.2599470400519 3005.079980170517 3044.0995276884173 3083.1889836140776 3122.2151982511145 3161.0419635102712 3199.5305252348089 3237.5401201244254 3274.9285346234883 3311.552682923043 3347.2692010270734 3381.9350536538859
2278.2616565122166 2277.9210839377643 2278.9131286804768 2281.2798415219618 2285.0600855905345 2290.28923704504 2296.9988874969681 2305.216550009834 2314.9653705871606 2326.2638471222813 2339.1255578332748 2353.5589012437031 2369.5668497933516 2387.1467191719494 2406.2899554620185 2426.9819421538291 2449.2018290552151 2472.9223850613334 2498.1098766738814 2524.7239740656387 2552.7176863744503 2582.0373277810572 2612.6225157777858 2644.4062028705907 2677.3147427759586 2711.267991977697 2746.179447297618 2781.9564199099973 2818.5002459937791 2855.7065339705855 2893.4654480222862 2931.662027321378 2970.1765401425669 3008.884871757135 3047.6589447451079 3086.3671700962955 3124.8749272124842 3163.0450706717274 3200.7384613744207 3237.814519461961 3274.1317961847453 3309.5485616993346 3343.9234055969055
2243.6987690046612 2243.6471285004768 2244.9047438037269 2247.5131259415457 2251.5106619008961 2256.9323174027477 2263.809341345167 2272.1689737436232 2282.0341590681041 2293.4232669374001 2306.349822180031 2320.8222463077432 2336.8436124702648 2354.411415968134 2373.5173623931073 2394.1471754421395 2416.2804264105766 2439.8903873125937 2464.9439095015441 2491.4013295697664 2519.216404196276 2548.3362754819691 2578.7014681656979 2610.2459199513783 2642.8970459968555 2676.5758384205383 2711.1970014727008 2746.6691227964025 2782.8948809693325 2819.7712892744053 2857.1899753952512 2895.0374964748612 2933.1956887136098 2971.5420504188414 3009.9501571545188 3048.2901073783505 3086.4289966978049 3124.2314186279027 3161.5599894950892 3198.2758949051317 3234.2394549814444 3269.3107053854642 3303.3499909551465
2208.2558219285647 2208.4790965107841 2209.9867912885238 2212.8198568199919 2217.0161868530608 2222.6103233637791 2229.6331631914763 2238.1116680870978 2248.068580061466 2259.5221439797656 2272.4858393966369 2286.9681236617407 2302.9721883475941 2320.495731058938 2339.5307446750671 2360.0633260526965 2382.0735061764649 2405.5351036866227 2430.4156036383715 2456.6760632547116 2484.2710463242911 2513.1485877679106 2543.250189752292 2574.5108505679468 2606.8591273102829 2640.2172332101418 2674.5011702531051 2709.6208975071104 2745.480535346856 2781.9786055225572 2819.0083067717542 2856.4578254178437 2894.2106801399445 2932.1460998377433 2970.1394332542941 3008.062588761758 3045.784502462112 3083.1716325093016 3120.0884773235757 3156.3981151452349 3191.9627621659633 3226.6443462836569 3260.3050933532477
