data/asc/gausshills_1.asc
ncols 400
nrows 400
xllcorner 0.000000
yllcorner 0.000000
cellsize 30.000000
NODATA_value -9999.000000
[rows 323 to 341 of 400, columns 258 to 300 of 400]
-379.25814484931317 -393.47947863281422 -407.46657101858511 -421.22320092492987 -434.75227997949912 -448.05587080316127 -461.1352091947814 -473.99072990080947 -486.62209565620833 -499.02822918746574 -511.20734787404791 -523.15700077149233 -534.87410770723045 -546.35500016900539 -557.5954637152762 -568.59078164710513 -579.33577969159626 -589.82487145786661 -600.05210443766214 -610.01120633400501 -619.6956315125542 -629.09860738164627 -638.21318051813228 -647.03226236715091 -655.54867435476535 -663.75519226295728 -671.64458972675482 -679.20968072325184 -686.44336093197228 -693.33864785537196 -699.88871959733444 -706.08695220621678 -711.92695549742155 -717.40260727856116 -722.50808590809265 -727.23790112582117 -731.58692310093045 -735.55040965020419 -739.12403158587199 -742.30389615906779 -745.08656857123185 -747.46909153194497 -749.4490028476647
-366.17607239896324 -380.02259832842816 -393.63822401481843 -407.02684344825485 -420.19149956054412 -433.13440196400825 -445.85694852102188 -458.35975043327107 -470.64266054240727 -482.70480453797131 -494.54461477406153 -506.15986640301162 -517.54771554217302 -528.70473919860717 -539.62697668591557 -550.30997227744922 -560.74881885060279 -570.93820228768095 -580.87244640984625 -590.54555823178464 -599.95127333590108 -609.08310117598432 -617.93437013130472 -626.49827214297443 -634.76790677504641 -642.73632455324923 -650.39656944437888 -657.74172034921571 -664.76493149135899 -671.45947159358889 -677.81876174224658 -683.83641184869896 -689.5062556252052 -694.82238400044935 -699.77917690766071 -704.37133338560955 -708.59389993987406 -712.44229711862533 -715.91234426379458 -719.00028240488109 -721.70279526885543 -724.01702838560254 -725.94060627418753
-353.32185698530236 -366.79575359332387 -380.04227522385406 -393.06541508924164 -405.86833194829899 -418.45336730793258 -430.82206638337271 -442.97520251133471 -454.91280471310967 -466.63418810878244 -478.13798688933474 -489.4221895601342 -500.48417617706781 -511.32075730519972 -521.92821443916148 -532.30234163438001 -542.43848810859186 -552.33160158374801 -561.9762721492923 -571.36677643879057 -580.49712192290406 -589.3610911326939 -597.95228563810008 -606.26416961715881 -614.29011286201398 -622.02343307803596 -629.45743734233588 -636.58546259764807 -643.40091506692795 -649.89730848306408 -656.0683010368366 -661.90773095467011 -667.40965062582382 -672.56835920645494 -677.37843363549405 -681.83475800447775 -685.93255123044446 -689.66739298768846 -693.03524786063167 -696.03248768631261 -698.65591206102965 -700.90276699151877 -702.77076167671134
-340.70160382850457 -353.80536462466466 -366.68544977390593 -379.34593629593149 -391.79008370475708 -404.02035068123467 -416.03841543030893 -427.84519942282986 -439.44089422443511 -450.82499111818316 -461.99631323314975 -472.95304989787286 -483.69279294521669 -494.21257470373951 -504.50890741988019 -514.57782386504675 -524.41491889189581 -534.01539171462252 -543.37408869879573 -552.48554645712431 -561.34403505839782 -569.94360116767768 -578.27811094650929 -586.34129255248729 -594.12677808782507 -601.62814485668196 -608.83895580081105 -615.75279899260261 -622.36332607382576 -628.66428953724346 -634.64957875686309 -640.31325468082878 -645.64958310890574 -650.65306648413753 -655.31847413559854 -659.64087091622457 -663.61564418649471 -667.23852910127903 -670.5056321634745 -673.4134530141331 -675.95890443467249 -678.13933054244058 -679.95252316642575
-328.32082199695179 -341.05724730340154 -353.57385996886217 -365.874805874966 -377.9634306584723 -389.84229586302189 -401.51319870013026 -412.97719512492057 -424.2346259347778 -435.28514560326107 -446.12775356708249 -456.76082769057405 -467.18215963964451 -477.38899190566121 -487.37805622877255 -497.14561317984237 -506.68749267022929 -515.9991351690129 -525.07563341783782 -533.91177444423158 -542.50208168494066 -550.84085704149675 -558.92222270074706 -566.74016256347147 -574.28856313436404 -581.56125373657005 -588.55204592362804 -595.25477197100088 -601.6633223384265 -607.77168200305152 -613.57396557170262 -619.06445108875471 -624.23761246381741 -629.08815045094468 -633.61102211824573 -637.8014687536803 -641.65504215944691 -645.16762929377091 -648.33547522503829 -651.15520436914687 -653.62383998669065 -655.73882192210476 -657.49802257227782
-316.18443373920667 -328.55662199830289 -340.71301360966214 -352.65780887263423 -364.39442538477232 -375.92551368137191 -387.25297640728525 -398.37799073233947 -409.30103372437168 -420.02191039801164 -430.53978416276357 -440.85320940046745 -450.96016590971021 -460.85809496306405 -470.54393673199047 -480.01416884375925 -489.2648458446356 -498.29163935380507 -507.08987870290611 -515.65459186654596 -523.98054649970447 -532.06229090839872 -539.89419479034768 -547.47048959256722 -554.78530834280411 -561.83272482147106 -568.60679195019236 -575.10157928226124 -581.31120948916612 -587.22989374589872 -592.85196592599937 -598.17191552520671 -603.18441924019169 -607.8843711361734 -612.26691134421503 -616.32745323575341 -620.06170902838289 -623.46571378314025 -626.53584775953698 -629.26885710034912 -631.66187282375608 -633.71242810579781 -635.41847384132609
-304.29678524879785 -316.30812381826064 -328.10782378028574 -339.70012593768013 -351.08850618560638 -362.27569064766982 -373.26367426598824 -384.05374256255527 -394.64649629187306 -405.04187870892304 -415.23920518188737 -425.23719488548892 -435.03400431819028 -444.62726239468276 -454.01410687391569 -463.19122189227534 -472.15487638126876 -480.90096315911302 -489.42503849585171 -497.72236196195371 -505.78793638068441 -513.61654771483177 -521.20280472854256 -528.54117827502444 -535.62604007068217 -542.45170082578989 -549.01244761110274 -555.30258034879364 -561.31644732479151 -567.04847962797805 -572.49322442975733 -577.64537702526513 -582.49981156492618 -587.05161041220742 -591.29609207027283 -595.22883762681863 -598.84571567268779 -602.1429056559216 -605.11691963875808 -607.76462243069 -610.08325007612325 -612.07042668040037 -613.72417956301956
-292.66165876050957 -304.31581421459379 -315.76262000281582 -327.00634407277391 -338.05050747811708 -348.89789902013251 -359.55059326384844 -370.00997165207349 -380.27674644344916 -390.35098720463168 -400.23214959200561 -409.9191061646772 -419.4101789777713 -428.70317371309687 -437.79541511293496 -446.68378349188822 -455.36475211131801 -463.83442521075375 -472.08857650070644 -480.12268793145114 -487.93198856249751 -495.51149336755833 -502.85604181980705 -509.96033611202836 -516.81897887587013 -523.42651027376746 -529.7774443462049 -535.86630450579048 -541.68765807811724 -547.23614979758884 -552.50653417426633 -557.4937066553731 -562.19273351236109 -566.59888039141879 -570.70763947198293 -574.51475518424286 -578.01624844276341 -581.20843935927962 -584.08796840338243 -586.65181598528943 -588.89732044015295 -590.82219439843936 -592.42453953182428
-281.28228587479384 -292.58319383291115 -303.68116066376842 -314.5804686791987 -325.28467149857232 -335.79660820500868 -346.11842079561086 -356.25157465537814 -366.19688178708179 -375.95452653338441 -385.52409353268763 -394.90459765644391 -404.09451568281446 -413.09181946946552 -421.89401039682207 -430.49815486212083 -438.9009206140106 -447.09861372712254 -455.08721602588872 -462.86242277682192 -470.41968047842681 -477.75422458780287 -484.86111703277686 -491.73528336802093 -498.37154944301278 -504.76467745886265 -510.90940129993334 -516.80046103479685 -522.43263648938432 -527.80077980320266 -532.89984688719562 -537.72492770922213 -542.27127534022532 -546.5343337009682 -550.50976395572889 -554.1934695056076 -557.5816195400796 -560.67067111118968 -563.45738970030197 -565.93886825263019 -568.11254465989191 -569.9762176763486 -571.52806125826612
-270.16136200552359 -281.1132165125706 -291.86664661224722 -302.42593679754958 -312.79466122644169 -322.97569740197082 -332.97124306504332 -342.78283603585055 -352.41137674254361 -361.85715317969647 -371.11986804421508 -380.19866780249578 -389.09217344965577 -397.79851272941801 -406.31535359160114 -414.63993867301315 -422.7691205967642 -430.69939789450387 -438.42695136573474 -445.94768069809561 -453.25724118225116 -460.35108036471075 -467.22447449147597 -473.87256460481387 -480.2903921646656 -486.47293407515741 -492.41513700538655 -498.11195090207605 -503.55836159981584 -508.74942244243965 -513.68028483659918 -518.34622766582584 -522.74268550028273 -526.86527554405052 -530.70982326813635 -534.27238668348298 -537.54927921409171 -540.53709113595778 -543.23270955289388 -545.63333688546561 -547.73650785423729 -549.5401049432927 -551.04237233462482
-259.30106184554722 -269.90830433086262 -280.3217358294367 -290.54563144607152 -300.58357443209684 -310.43846939880746 -320.11255866147877 -329.60744145637636 -338.92409577575989 -348.06290256976007 -357.02367206903892 -365.80567198817636 -374.40765737660558 -382.82790189153667 -391.06423027549494 -399.11405182977529 -406.97439468414069 -414.64194067237344 -422.11306063273872 -429.38384996194731 -436.45016426073596 -443.30765491865992 -449.9518044950496 -456.37796176228107 -462.58137628650184 -468.55723242971237 -474.30068266560539 -479.8068801097856 -485.07101017292536 -490.0883212530502 -494.85415439047728 -499.36397181597556 -503.61338432945388 -507.59817745294953 -511.31433630786626 -514.7580691723399 -517.92582968027318 -520.81433762902009 -523.42059836791577 -525.74192074484677 -527.77593359287687 -529.52060074357337 -530.97423455815135
-248.70305574437546 -258.97036358876176 -269.04855906849713 -278.94189695766039 -288.65395875088069 -298.18766541964266 -307.54529321651415 -316.72849227622027 -325.73830776504013 -334.57520333381461 -343.23908663479216 -351.72933666845114 -360.04483273318181 -368.18398475816093 -376.14476480777228 -383.92473955440744 -391.5211035253152 -398.93071293823743 -406.15011994981575 -413.1756071500572 -420.00322214546946 -426.62881208272728 -433.04805797387729 -439.25650869306628 -445.2496145235591 -451.02276014236008 -456.57129693804893 -461.89057456546061 -466.9759716485712 -471.82292555040453 -476.42696113590904 -480.78371846062157 -484.88897932449231 -488.73869263653825 -492.32899854200122 -495.65625126944667 -498.7170406607471 -501.50821235217194 -504.02688657986658 -506.27047558785415 -508.23669962136563 -509.92360149278403 -511.32955971182531
-238.36852689281025 -248.3008016353682 -258.04873636403954 -267.61655521650096 -277.00782768607633 -286.22548093056031 -295.27181504588629 -304.14852106013916 -312.85670140592288 -321.39689263284191 -329.76909012668563 -337.97277460770476 -346.00694018695759 -353.87012376699369 -361.56043558098321 -369.07559067268778 -376.41294112829473 -383.56950888000517 -390.54201891028441 -397.32693269477733 -403.92048173098294 -410.31870100881684 -416.5174622881097 -422.51250705685237 -428.29947905255716 -433.87395623744413 -439.2314821262467 -444.36759637324417 -449.27786453266702 -453.95790691386946 -458.40342645962096 -462.61023558254249 -466.57428190109539 -470.29167282265229 -473.75869892701041 -476.97185610931547 -479.92786644669883 -482.6236977580611 -485.05658183133716 -487.22403129728229 -489.12385513334351 -490.75417278551964 -492.11342690030227
-228.29818921037338 -237.90054442901865 -247.32339431100934 -256.57092269578999 -265.64667744362089 -274.55358230665991 -283.29395168153894 -291.86950800556093 -300.28140156111238 -308.53023245655845 -316.61607455662238 -324.53850114091148 -332.2966120757012 -339.8890622912005 -347.31409136418466 -354.56955401396414 -361.65295132808239 -368.56146254278377 -375.29197721209312 -381.8411276082133 -388.20532120481693 -394.38077310361473 -400.36353827327298 -406.14954347829735 -411.73461878383802 -417.114528530489 -422.28500168103574 -427.24176144870643 -431.98055412382172 -436.49717702279054 -440.78750549016326 -444.84751889094753 -448.67332553659145 -452.26118649398268 -455.60753823248632 -458.70901406946797 -461.56246437994326 -464.16497554095463 -466.51388758603355 -468.60681054966381 -470.44163948603415 -472.01656815057447 -473.33010133681699
-218.49230583299504 -227.77005473441511 -236.87318401398477 -245.80582819897353 -254.5715045022034 -263.17312426520238 -271.61300719937765 -279.89289819399528 -288.01398646218126 -295.97692679975245 -303.78186273631377 -311.42845136358704 -318.91588963222949 -326.24294191534057 -333.40796864432605 -340.40895583067123 -347.24354529538721 -353.90906543631905 -360.40256237208365 -366.72083131004035 -372.86044799433495 -378.81780009863479 -384.58911843663793 -390.17050787174998 -395.55797781544271 -400.74747221170901 -405.73489891269026 -410.51615835795184 -415.08717147701293 -419.44390674159746 -423.58240630064256 -427.49881113740923 -431.18938519406203 -434.65053841485116 -437.8788486645368 -440.87108248395714 -443.62421464967184 -446.13544650942572 -448.40222306977626 -450.42224881664299 -452.19350225377042 -453.71424914815361 -454.98305447539514
-208.95070810052852 -217.90935085699959 -226.69829960954624 -235.32163120837623 -243.78282382365222 -252.08476797059276 -260.22978024913101 -268.21961957360668 -276.0555056703484 -283.73813962451226 -291.26772626206639 -298.64399815819871 -305.86624106956202 -312.93332059453365 -319.84370987294142 -326.59551814438947 -333.18651999230838 -339.61418510906032 -345.87570842577583 -351.96804045900478 -357.88791773466841 -363.63189315814128 -369.19636620753022 -374.57761283529186 -379.77181497123485 -384.77508952762599 -389.58351681456827 -394.19316828100904 -398.60013350366182 -402.80054635278958 -406.79061027017298 -410.56662260071158 -414.12499792494589 -417.46229034538533 -420.57521468485845 -423.46066656020679 -426.11574129951282 -428.53775167570876 -430.72424443387354 -432.67301559378143 -434.38212451336807 -435.84990670269599 -437.074985381788
-199.67281494624422 -208.31802581813935 -216.79849726648933 -225.118240747003 -233.28068761021709 -241.28869971846316 -249.14458269408456 -256.85010158108037 -264.40649870468383 -271.81451351680676 -279.07440421969534 -286.18597096538736 -293.14858043453592 -299.96119160475166 -306.6223825256879 -313.13037792557094 -319.48307748164547 -325.67808459498815 -331.71273551825436 -337.58412869309751 -343.28915416216404 -348.82452292868118 -354.18679614464884 -359.37241401650488 -364.37772432479562 -369.19901046184702 -373.83251889865801 -378.2744859992186 -382.52116410717463 -386.56884683623036 -390.41389350185983 -394.05275263783926 -397.48198454677316 -400.69828283920828 -403.69849492109586 -406.47964139430593 -409.03893433960422 -411.37379445601596 -413.48186703480508 -415.36103675041551 -417.00944125468357 -418.42548356441318 -419.60784323605429
-190.65765259347813 -198.99526687745384 -207.17311457117424 -215.19513466159734 -223.06470451745608 -230.78465010803887 -238.35725877020215 -245.78429431249307 -253.06701424753663 -260.20618894718336 -267.2021225192027 -274.05467520942011 -280.76328713899932 -287.32700319297766 -293.74449888303633 -300.01410701475044 -306.1338449971164 -312.10144263989946 -317.91437029223295 -323.5698671838274 -329.0649698380858 -334.39654043428578 -339.56129500376045 -344.55583135262475 -349.37665661104035 -354.02021431624172 -358.48291094356318 -362.76114180647153 -366.8513162531292 -370.74988209327438 -374.45334919520207 -377.95831219838169 -381.26147229272613 -384.35965802078312 -387.24984506411101 -389.92917497988924 -392.39497285836501 -394.6447638760979 -396.67628872412479 -398.48751789414655 -400.07666480966043 -401.44219779261141 -402.58285085966071
-181.90387446802342 -189.93987531176958 -197.8210902082258 -205.5513792377335 -213.13405923392128 -220.57191361426135 -227.86720467626029 -235.02168815485214 -242.03662983878178 -248.91282404701622 -255.65061377039828 -262.2499122887188 -268.71022607902688 -275.03067883721172 -281.21003644157082 -287.24673269412153 -293.13889568274396 -298.88437461476462 -304.48076698023078 -309.92544591082878 -315.21558760808546 -320.34819872212819 -325.32014356980773 -330.12817108837442 -334.76894142811182 -339.23905209434355 -343.53506355602423 -347.65352424468239 -351.59099487379461 -355.34407201473869 -358.90941087127749 -362.28374720008856 -365.4639183301656 -368.44688323898964 -371.22974164820533 -373.80975210615952 -376.18434902906017 -378.3511586767217 -380.30801404288513 -382.05296864393836 -383.58430919354794 -384.90056715423901 -386.00052916035042
