data/asc/gausshills_1.asc
ncols 400
nrows 400
xllcorner 0.000000
yllcorner 0.000000
cellsize 30.000000
NODATA_value -9999.000000
[rows 361 to 379 of 400, columns 258 to 300 of 400]
-57.178058906075982 -60.550762591208013 -63.857255176774814 -67.099305661482347 -70.278450987163595 -73.396000109701447 -76.453039126022801 -79.450437369230201 -82.388854384933907 -85.268747703283978 -88.090381323039452 -90.853834826185619 -93.559013044081084 -96.20565619882673 -98.79335044646372 -101.32153875167519 -103.78953202685598 -106.1965204716858 -108.54158505266143 -110.82370906538787 -113.04178972576231 -115.194649739499 -117.28104880269994 -119.29969498937902 -121.24925598496314 -123.12837012782843 -124.93565722385948 -126.66972910184995 -128.32919988028331 -129.91269591863909 -131.41886542887019 -132.84638772507944 -134.19398209170134 -135.46041625266366 -136.64451442606972 -137.74516495090973 -138.76132747418433 -139.69203968860739 -140.53642361275661 -141.29369140716719 -141.96315072141101 -142.54420956869109 -143.03638072590167
-53.147913265677282 -56.356181796161053 -59.501681209656738 -62.586082606637518 -65.610836757760126 -68.577177978352566 -71.486129005584473 -74.338506794859356 -77.134929152908427 -79.875822126430052 -82.561428066854845 -85.191814293882459 -87.766882282772301 -90.286377302944842 -92.749898438210209 -95.156908921851823 -97.506746722817127 -99.798635322367403 -102.0316946236907 -104.20495194015177 -106.31735301101527 -108.36777299662342 -110.35502740809683 -112.27788292966736 -114.1350680947078 -115.92528377940025 -117.64721348076894 -119.29953334848517 -120.88092194243683 -122.39006969052723 -123.8256880235425 -125.18651816618754 -126.47133956555378 -127.67897794034204 -128.80831293612528 -129.85828537380416 -130.82790408019227 -131.71625229135938 -132.52249362098129 -133.24587758748899 -133.88574469528109 -134.44153106668008 -134.91277262265936
-49.293527267304569 -52.343490876075869 -55.334011514918245 -58.266665065496682 -61.142818399855763 -63.963633066059259 -66.730069924965122 -69.442894658994476 -72.10268407464406 -74.709833121777308 -77.264562554378443 -79.766927159402741 -82.216824482573855 -84.614003982413081 -86.958076546400903 -89.248524305928768 -91.484710689561496 -93.665890657071174 -95.79122105968537 -97.859771074998051 -99.870532667988172 -101.82243103256899 -103.71433497101935 -105.54506717152788 -107.31341434688134 -109.01813720005983 -110.65798018513455 -112.23168103441137 -113.73798002521099 -115.17562896202271 -116.54339985201932 -117.84009325406542 -119.06454628340444 -120.21564025616237 -121.29230795966846 -122.29354053636783 -123.21839397079006 -124.06599517064856 -124.83554763468216 -125.52633670131529 -126.13773437361489 -126.66920371736441 -127.12030283035786
-45.609964909302811 -48.507648829927845 -51.349099602787874 -54.135800709802808 -56.869037537782987 -59.549900882627014 -62.179291354945235 -64.757924612135099 -67.286337342775568 -69.764893930421394 -72.193793725438113 -74.573078855358816 -76.902642506343525 -79.182237610622863 -81.411485877281663 -83.589887106348044 -85.716828728861373 -87.791595518374635 -89.813379422169504 -91.781289463306678 -93.694361667469238 -95.551568971377804 -97.351831072326405 -99.094024181113724 -100.7769906433001 -102.39954839629931 -103.96050023231589 -105.45864283954546 -106.89277559637689 -108.26170909555661 -109.56427337740804 -110.79932585323193 -111.96575890195743 -113.06250712496757 -114.0885542457856 -115.04293964299353 -115.92476450635556 -116.73319760764744 -117.46748067915073 -118.12693339416153 -118.71095794519483 -119.21904321683881 -119.65076855143286
-42.092301483044061 -44.843619941136026 -47.54179862631208 -50.188231557827997 -52.784125170821866 -55.330501646293392 -57.828203094628648 -60.277896521712528 -62.680079507462587 -65.035086527764207 -67.343095852258031 -69.604136952169753 -71.818098354354575 -73.984735879903454 -76.103681207994967 -78.174450708144263 -80.196454486558224 -82.1690055949379 -84.091329352735457 -85.962572736563388 -87.781813793134063 -89.548071034774622 -91.260312779181973 -92.917466397662011 -94.518427438605215 -96.062068595395644 -97.54724849031102 -98.972820248253925 -100.33763983634698 -101.6405741475299 -102.88050880831365 -104.05635569277169 -105.16706012668999 -106.21160776755141 -107.18903114770291 -108.09841586964662 -108.93890644391752 -109.70971176145618 -110.41011019376907 -111.03945431548777 -111.59717524520137 -112.08278660164426 -112.49588807348088
-38.735632425479722 -41.346383157879558 -43.906971270412079 -46.418704354054832 -48.882712526241342 -51.299951593660595 -53.671207022538752 -55.99709864931026 -58.27808606532848 -60.51447461034919 -62.706421910901618 -64.853944901308864 -66.956927266983641 -69.015127251680525 -71.028185772592366 -72.995634789504436 -74.916905876639092 -76.791338948303945 -78.618191091978687 -80.396645465013762 -82.125820213646278 -83.804777375558146 -85.432531729676001 -87.008059559348524 -88.530307297408427 -89.998200023934118 -91.4106497897601 -92.766563740939247 -94.064852021436366 -95.304435433320393 -96.484252835631096 -97.603268264917745 -98.660477762187654 -99.654915892663951 -100.58566194633393 -101.45184580877839 -102.25265349321246 -102.9873323260374 -103.65519577951649 -104.2556279464355 -104.78808765280706 -105.25211220582365 -105.64732077536364
-35.535081569423852 -38.010940868724838 -40.439499033157148 -42.821980337358681 -45.159441296556743 -47.452773669040702 -49.702708221853513 -51.90981919632474 -54.074529410763382 -56.19711593864956 -58.277716301963885 -60.316335120845238 -62.312851162524204 -64.267024734417461 -66.178505368347032 -68.046839745043656 -69.871479810372975 -71.651791037063532 -73.387060788094971 -75.076506740297788 -76.719285329106896 -78.314500177787025 -79.861210476783938 -81.358439281155384 -82.805181696272015 -84.200412924159764 -85.543096144962362 -86.83219021003805 -88.066657125165108 -89.24546930420783 -90.367616575399893 -91.432112924120474 -92.438002957686678 -93.384368079254401 -94.270332359416614 -95.095068095515899 -95.85780105005027 -96.557815360847073 -97.194458116923713 -97.767143595135551 -98.275357153846215 -98.718658780943514 -99.096686294562289
-32.485808806713365 -34.832327086488284 -37.134290910109634 -39.392844406619361 -41.608973268138683 -43.783507598679712 -45.917125483692836 -48.010357220538047 -50.063590150721325 -52.077074035694594 -54.050926919242144 -55.985141420934355 -57.879591406785494 -59.734038985074136 -61.5481417772451 -63.321460415877119 -65.053466223849213 -66.743549031043599 -68.391025087163399 -69.995145031500925 -71.555101882743287 -73.070039014143006 -74.539058081583022 -75.961226874232992 -77.335587059603995 -78.661161796864931 -79.936963194271272 -81.161999588477386 -82.3352826253535 -83.455834123699674 -84.522692704952703 -85.534920173605741 -86.491607634614624 -87.391881335549499 -88.234908222661971 -89.019901201389317 -89.746124093104441 -90.412896281146402 -91.019597040342475 -91.565669545351398 -92.05062455423267 -92.474043764675187 -92.835582841305339
-29.583017180813098 -31.805615054794146 -33.986291494239062 -36.1261136944347 -38.225999350149358 -40.286719357261518 -42.308901194397812 -44.293032928185511 -46.239467786339148 -48.148429243695809 -50.02001656746689 -51.854210769341222 -53.650880913633642 -55.40979073238519 -57.130605500164826 -58.812899123267186 -60.456161400020186 -62.059805410994471 -63.623175000012971 -65.145552308984648 -66.626165331706545 -68.06419545388718 -69.458784948718105 -70.809044399362236 -72.114060021714835 -73.372900862730333 -74.58462585148061 -75.748290681921574 -76.862954508086105 -77.927686434094625 -78.94157178297813 -79.903718129842446 -80.813261086367874 -81.669369825039041 -82.471252332834752 -83.218160385380457 -83.909394233784994 -84.544306997540417 -85.122308757975929 -85.642870347815233 -86.105526833403616 -86.509880687144914 -86.855604648622347
-26.821959426633416 -28.925924293107411 -30.990488505338551 -33.016645561155173 -35.005248014436148 -36.957010035848128 -38.87251061459321 -40.752197348046387 -42.596390766734515 -44.405289142950352 -46.178973732372981 -47.917414399353284 -49.620475577983328 -51.287922522679942 -52.919427803743034 -54.51457800517727 -56.072880583964839 -57.593770851928141 -59.076619043304071 -60.520737433149485 -61.925387473690819 -63.289786917715332 -64.61311690005185 -65.89452895010983 -67.133151910315945 -68.328098737110409 -69.478473162928012 -70.583376199294221 -71.641912462806062 -72.653196307343933 -73.616357747371325 -74.530548158624342 -75.394945743875837 -76.208760752778034 -76.971240446047389 -77.681673795457741 -78.339395912256464 -78.943792197712582 -79.494302210555759 -79.990423247066147 -80.431713630535413 -80.817795707741354 -81.148358550962058
-24.197943976314519 -26.188427097138142 -28.141919764117397 -30.059345022816721 -31.9414931584813 -33.789024121987254 -35.602470559501015 -37.382241395858635 -39.128625922209302 -40.841798339255249 -42.521822708429561 -44.168658264560811 -45.782165044942268 -47.362109791236108 -48.908172082266475 -50.419950657470608 -51.896969892562261 -53.338686390791096 -54.744495655046322 -56.11373880792808 -57.44570932878365 -58.739659778569276 -59.99480848523239 -61.21034616411346 -62.385442449625472 -63.51925231618312 -64.610922368011202 -65.659596979065782 -66.664424265844403 -67.624561877344746 -68.539182587853233 -69.407479679605842 -70.228672103665602 -71.002009408604252 -71.726776427762871 -72.40229771700001 -73.027941735918674 -73.603124766597361 -74.127314564840134 -74.600033739907019 -75.020862859593137 -75.389443278396342 -75.705479687349708
-21.706340450517896 -23.588354512437849 -25.435679627197509 -27.249171627726788 -29.029561404802195 -30.777457204127337 -32.493347491486659 -34.177604338973424 -35.830487285791648 -37.452147627864967 -39.042633091434212 -40.60189284695074 -42.129782820859567 -43.626071264280704 -45.090444539120611 -46.522513083753978 -47.921817522088233 -49.287834881542736 -50.619984887219992 -51.917636301308598 -53.180113278514369 -54.40670171006623 -55.596655530564369 -56.749202963633103 -57.863552683992083 -58.93889987516922 -59.974432163636884 -60.969335411658456 -61.922799352584313 -62.834023053728863 -63.702220193298842 -64.526624139122859 -65.30649281815694 -66.041113366912143 -66.729806554067025 -67.371930967597208 -67.966886959773703 -68.51412034435711 -69.013125841248211 -69.463450264748786 -69.864695452442689 -70.216520932531083 -70.518646328244998
-19.342584655363169 -21.121001799748232 -22.866924900116746 -24.581145797462252 -26.264338851321437 -27.917063113717074 -29.539765037167427 -31.132781672616314 -32.696344313601841 -34.230582543668305 -35.735528644907632 -37.211122326575207 -38.657215733923096 -40.073578698722208 -41.459904194368349 -42.815813959975273 -44.140864259423829 -45.434551742946432 -46.696319380463564 -47.925562437539156 -49.121634466469843 -50.283853286662946 -51.411506930072633 -52.503859529053145 -53.560157125537039 -54.579633381956768 -55.561515175790561 -56.50502806102628 -57.409401581201408 -58.273874419983891 -59.097699376517667 -59.880148153958061 -60.620515950775427 -61.318125845504994 -61.97233296667391 -62.582528440641191 -63.148143111047588 -63.668651024490828 -64.143572677922066 -64.572478024100988 -64.954989232256153 -65.290783201873424 -65.579593828282597
-17.102183105571353 -18.781733411233496 -20.430880246152284 -22.050354648878422 -23.640777288190989 -25.202660519451346 -26.736410942607137 -28.24233242042051 -29.720629515924713 -31.171411308753033 -32.594695550807458 -33.990413122722039 -35.358412753697095 -36.698465968520559 -38.010272226926155 -39.293464221847337 -40.547613304592012 -41.772235006469785 -42.966794627936622 -44.130712867866293 -45.263371467101713 -46.364118841975056 -47.432275684998302 -48.46714051141462 -49.467995131753156 -50.43411003194538 -51.364749643932562 -52.25917749101891 -53.116661193504399 -53.936477321358282 -54.717916081875273 -55.460285831385235 -56.162917401169224 -56.825168228770181 -57.446426286874221 -58.026113802884836 -58.56369076321694 -59.05865819720173 -59.510561236322793 -59.918991945297726 -60.283591922281445 -60.604054666200959 -60.88012770993506
-14.980717094636791 -16.565987497138163 -18.122843109329263 -19.651957314415078 -21.153899897367701 -22.629138989056671 -24.078043481164563 -25.500885873050141 -26.897845512121179 -28.269012189872338 -29.614390056513905 -30.933901818034489 -32.227393180591044 -33.494637508275474 -34.73534066155284 -35.949145984984355 -37.13563941421652 -38.294354673628973 -39.424778537464562 -40.526356128711797 -41.59849623145216 -42.640576593823482 -43.651949200164289 -44.631945492298698 -45.579881521281152 -46.495063012244749 -47.376790326282205 -48.224363304530257 -49.037085980826284 -49.814271150457259 -50.55524478362814 -51.25935027333577 -51.925952508350747 -52.554441762980105 -53.144237396213875 -53.694791353745416 -54.205591467208329 -54.676164545783706 -55.10607925611378 -55.494948787204287 -55.842433297717108 -56.148242143745151 -56.412135885826679
-12.973846332962516 -14.469279962677025 -15.938188170387564 -17.381189778527656 -18.798806451905818 -20.191464534797099 -21.559497329464776 -22.903147779735374 -24.222571523620076 -25.517840279527991 -26.788945531331446 -28.035802478401095 -29.258254217704753 -30.456076126143888 -31.628980412463925 -32.776620809303466 -33.898597377227098 -34.994461393901872 -36.063720302916281 -37.105842698090328 -38.120263320474194 -39.106388046577131 -40.063598847689455 -40.991258701465867 -41.888716438207865 -42.75531150552407 -43.590378636249056 -44.393252405662949 -45.16327166517712 -45.899783840728354 -46.602149085161805 -47.269744274875421 -47.901966841951378 -48.498238433910878 -49.058008394101286 -49.580757056557744 -50.06599884998225 -50.513285206246401 -50.922207269558598 -51.292398403140197 -51.623536490931322 -51.915346032498171 -52.167600029940566
-11.077312174873404 -12.487208095094832 -13.872371354753717 -15.23336924847974 -16.570678032467463 -17.884684659535722 -19.175688927728075 -20.44390600841545 -21.689469320202228 -22.912433715450753 -24.112778946902615 -25.290413382673705 -26.445177938808261 -27.576850199584015 -28.685148696842745 -29.76973732076743 -30.830229835719486 -31.866194475977053 -32.877158597464188 -33.862613362820575 -34.822018438420521 -35.754806683203931 -36.660388810418027 -37.538158004584844 -38.38749447719826 -39.207769945812665 -39.998352022308865 -40.758608497210012 -41.487911507969514 -42.185641580161878 -42.851191531478122 -43.483970229357524 -44.083406193979471 -44.648951039193363 -45.180082744782617 -45.676308754241091 -46.137168892991234 -46.562238102690721 -46.951128987965404 -47.30349417256673 -47.61902846258954 -47.897470814998684 -48.13860611030352
-9.2869404552800532 -10.615453780843183 -11.920933411716586 -13.203898078018451 -14.464781278962739 -15.70393292071628 -16.921621341330926 -18.118035690928146 -19.293288635628191 -20.447419354190689 -21.580396796950076 -22.692123177370867 -23.782437667392948 -24.851120268672961 -25.897895832836749 -26.922438204924127 -27.924374465319325 -28.903289246602995 -29.858729102926507 -30.790206910682926 -31.697206280423295 -32.579185961136744 -33.435584219164987 -34.265823175157642 -35.069313083583886 -35.845456540397102 -36.593652605498804 -37.313300827663262 -38.003805160565442 -38.664577759497114 -39.295042649264573 -39.894639254631663 -40.462825785505665 -40.999082469865748 -41.502914628197807 -41.973855583934672 -42.411469405104441 -42.81535347306361 -43.185140874839838 -43.520502616231155 -43.82114965340692 -44.086834741333099 -44.317354097900257
-7.5986439565172139 -8.8497863327220578 -10.079503084045133 -11.288267262625522 -12.476472195524671 -13.644433030037746 -14.792388640991135 -15.920503870303662 -17.028872069379098 -18.11751791533581 -19.186400472652366 -20.23541647249413 -21.264403782772526 -22.273145042857987 -23.261371437804861 -24.228766587939685 -25.174970530697315 -26.09958377265492 -27.002171390795571 -27.882267163128414 -28.739377709884636 -29.572986627598851 -30.382558599458957 -31.167543466366524 -31.927380244183084 -32.661501073647123 -33.369335090424713 -34.050312203704898 -34.703866772666572 -35.329441171023419 -35.92648923070346 -36.494479556531466 -37.032898704564609 -37.541254217480144 -38.019077511130803 -38.465926607072092 -38.881388706524532 -39.265082601867043 -39.616660922365696 -39.935812211425656 -40.222262833217535 -40.475778707071818 -40.696166868557931
